AUTO_START	AUTO_END	GOOD_SITES	ROH_LENGTH	PROP_COVERED	INDV	CHROM	POP
173120583	175413433	1576100	2.29285	0.687	NA06986	1	CEU
190127040	192200197	1703927	2.073157	0.822	NA07051	1	CEU
192553865	194558868	1586698	2.005003	0.791	NA10847	1	CEU
81343809	83435960	1692634	2.092151	0.809	NA07037	2	CEU
192567737	199719249	5612512	7.151512	0.785	NA07056	2	CEU
209049840	211506275	1847451	2.456435	0.752	NA07347	2	CEU
184837640	186863405	1635069	2.025765	0.807	NA11930	2	CEU
81545943	84981325	2762600	3.435382	0.804	NA06986	3	CEU
25765743	27808868	1529912	2.043125	0.749	NA07357	3	CEU
161498305	166699547	3967042	5.201242	0.763	NA10851	3	CEU
48219081	51689223	2128197	3.470142	0.613	NA11932	3	CEU
117238916	119785381	1837080	2.546465	0.721	NA11829	4	CEU
138300241	140696317	1626996	2.396076	0.679	NA06994	5	CEU
11901985	14107381	1770130	2.205396	0.803	NA07357	5	CEU
129528241	131616673	1452451	2.088432	0.695	NA11832	5	CEU
114347405	116770100	1898633	2.422695	0.784	NA07056	6	CEU
25944117	28423510	1580831	2.479393	0.638	NA11829	6	CEU
26352520	29352297	1887199	2.999777	0.629	NA11831	6	CEU
26352253	30676046	2728301	4.323793	0.631	NA11920	6	CEU
118726685	120741044	1642270	2.014359	0.815	NA11840	7	CEU
25862970	28037886	1666987	2.174916	0.766	NA11894	7	CEU
111489302	113499341	1645903	2.010039	0.819	NA06989	8	CEU
111351967	113506061	1764985	2.154094	0.819	NA11830	8	CEU
108669676	110773547	1689184	2.103871	0.803	NA11918	8	CEU
95935293	98122445	1478678	2.187152	0.676	NA11843	9	CEU
45571672	47977454	1582817	2.405782	0.658	NA11892	11	CEU
54146065	57751948	2889735	3.605883	0.801	NA06984	13	CEU
61275131	64620731	2588398	3.3456	0.774	NA11843	13	CEU
45276786	47697802	1821611	2.421016	0.752	NA11894	14	CEU
71608619	73738085	1564393	2.129466	0.735	NA07000	15	CEU
66748612	69498553	1699996	2.749941	0.618	NA10851	16	CEU
71475457	74157596	2256309	2.682139	0.841	NA06984	18	CEU
31459562	33789142	1509048	2.32958	0.648	NA11831	20	CEU
167844104	170045144	1700521	2.20104	0.773	HG01131	1	CLM
44916077	55117589	7066111	10.201512	0.693	HG01142	1	CLM
22248881	34903214	8311531	12.654333	0.657	HG01148	1	CLM
98033259	107689172	7311033	9.655913	0.757	HG01259	1	CLM
31546120	34483780	1980494	2.93766	0.674	HG01260	1	CLM
6150637	10495110	2814867	4.344473	0.648	HG01269	1	CLM
38938391	41815894	1936288	2.877503	0.673	HG01269	1	CLM
2820861	16847190	9007095	14.026329	0.642	HG01275	1	CLM
17251056	20601321	2499196	3.350265	0.746	HG01275	1	CLM
58241437	62303680	3310515	4.062243	0.815	HG01275	1	CLM
107926023	111796322	2778355	3.870299	0.718	HG01275	1	CLM
159789662	164548924	3462177	4.759262	0.727	HG01275	1	CLM
61133441	64318335	2396644	3.184894	0.753	HG01277	1	CLM
221900824	244194842	16088678	22.294018	0.722	HG01348	1	CLM
205451595	220789236	11660550	15.337641	0.76	HG01350	1	CLM
220789525	230522690	6950023	9.733165	0.714	HG01350	1	CLM
169796285	173879028	2978468	4.082743	0.73	HG01119	2	CLM
173912271	184330546	8279840	10.418275	0.795	HG01119	2	CLM
185284301	187709167	1931283	2.424866	0.796	HG01131	2	CLM
11486	10058575	7885614	10.047089	0.785	HG01142	2	CLM
17254058	25725190	6724056	8.471132	0.794	HG01148	2	CLM
235849900	240387328	3609707	4.537428	0.796	HG01148	2	CLM
240388527	243046591	1892541	2.658064	0.712	HG01148	2	CLM
160865237	162991247	1677390	2.12601	0.789	HG01272	2	CLM
134629722	136825086	1621134	2.195364	0.738	HG01275	2	CLM
230297389	235608477	3675036	5.311088	0.692	HG01275	2	CLM
115898633	117968598	1618178	2.069965	0.782	HG01277	2	CLM
178011408	180128579	1662171	2.117171	0.785	HG01345	2	CLM
180773180	182946950	1796910	2.17377	0.827	HG01345	2	CLM
209472812	220896731	8980598	11.423919	0.786	HG01345	2	CLM
50653395	57253226	5187423	6.599831	0.786	HG01348	2	CLM
57261342	65766879	6435539	8.505537	0.757	HG01348	2	CLM
185421868	187563456	1703133	2.141588	0.795	HG01348	2	CLM
236002769	239649319	2897785	3.64655	0.795	HG01350	2	CLM
54996448	65181777	8125135	10.185329	0.798	HG01133	3	CLM
86515773	88782096	1759736	2.266323	0.776	HG01133	3	CLM
137611752	139958638	1771369	2.346886	0.755	HG01269	3	CLM
117031186	124757318	5932073	7.726132	0.768	HG01275	3	CLM
177081206	181261419	3180537	4.180213	0.761	HG01275	3	CLM
155088417	157141141	1584781	2.052724	0.772	HG01341	3	CLM
119030413	122305948	2369381	3.275535	0.723	HG01344	3	CLM
161826975	177487588	12257827	15.660613	0.783	HG01351	3	CLM
20108577	22254622	1756700	2.146045	0.819	HG01113	4	CLM
127287894	129375881	1515637	2.087987	0.726	HG01133	4	CLM
32302619	38968008	5280803	6.665389	0.792	HG01275	4	CLM
174848001	178280473	2786164	3.432472	0.812	HG01275	4	CLM
15952509	28885075	10324081	12.932566	0.798	HG01344	4	CLM
109663371	121395169	8899220	11.731798	0.759	HG01348	4	CLM
145257681	149721075	3437373	4.463394	0.77	HG01354	4	CLM
86820093	91835423	3975144	5.01533	0.793	HG01148	5	CLM
108645445	111936060	2561188	3.290615	0.778	HG01148	5	CLM
111947146	115826144	2979133	3.878998	0.768	HG01148	5	CLM
115840278	143055410	20642057	27.215132	0.758	HG01148	5	CLM
143056839	148073605	3959816	5.016766	0.789	HG01148	5	CLM
150925144	174427907	18472472	23.502763	0.786	HG01148	5	CLM
130147567	132466580	1601889	2.319013	0.691	HG01149	5	CLM
125936318	130434086	3381090	4.497768	0.752	HG01259	5	CLM
130434409	135207870	3525287	4.773461	0.739	HG01259	5	CLM
119882713	123988063	3246444	4.10535	0.791	HG01344	5	CLM
129617218	131856016	1565093	2.238798	0.699	HG01345	5	CLM
15023639	24823457	7035556	9.799818	0.718	HG01348	5	CLM
63982658	86477487	15694534	22.494829	0.698	HG01350	5	CLM
155344802	167256969	9476112	11.912167	0.795	HG01354	5	CLM
22063669	25710555	2869285	3.646886	0.787	HG01142	6	CLM
25710763	29883076	2737751	4.172313	0.656	HG01142	6	CLM
52746642	57276691	3507255	4.530049	0.774	HG01148	6	CLM
385687	8977536	6647291	8.591849	0.774	HG01250	6	CLM
157261832	161277514	2831326	4.015682	0.705	HG01275	6	CLM
161279690	166865586	4505574	5.585896	0.807	HG01275	6	CLM
61928603	64217440	1549108	2.288837	0.677	HG01342	6	CLM
144772294	147009251	1797523	2.236957	0.804	HG01344	6	CLM
84526250	90107945	3959582	5.581695	0.709	HG01348	6	CLM
26469875	28970719	1565219	2.500844	0.626	HG01354	6	CLM
36519266	38953696	1948685	2.43443	0.8	HG01269	7	CLM
38962872	54528961	11988996	15.566089	0.77	HG01269	7	CLM
41331	2582584	1552698	2.541253	0.611	HG01275	7	CLM
133790273	138404907	3501048	4.614634	0.759	HG01342	7	CLM
46923031	48952672	1236260	2.029641	0.609	HG01113	8	CLM
33482411	38539742	3845857	5.057331	0.76	HG01148	8	CLM
110846025	114648292	3129898	3.802267	0.823	HG01254	8	CLM
62011879	81472876	15072266	19.460997	0.774	HG01257	8	CLM
51386211	67113788	12150845	15.727577	0.773	HG01259	8	CLM
67134796	70859624	2806148	3.724828	0.753	HG01259	8	CLM
66052489	68560016	1825698	2.507527	0.728	HG01271	8	CLM
33149747	35752940	1994520	2.603193	0.766	HG01272	8	CLM
131525846	135956439	3674745	4.430593	0.829	HG01275	8	CLM
49880772	52489400	2054006	2.608628	0.787	HG01277	8	CLM
84853516	86962963	1427395	2.109447	0.677	HG01281	8	CLM
5699736	15520859	6159283	9.821123	0.627	HG01344	8	CLM
15525267	20074492	3601554	4.549225	0.792	HG01344	8	CLM
110580169	112601811	1636788	2.021642	0.81	HG01350	8	CLM
24689759	27346503	2071609	2.656744	0.78	HG01142	9	CLM
132900021	136414937	2341604	3.514916	0.666	HG01142	9	CLM
8025480	43504854	23446051	35.479374	0.661	HG01148	9	CLM
72627422	78214452	4337508	5.58703	0.776	HG01148	9	CLM
78836702	82418536	2776686	3.581834	0.775	HG01148	9	CLM
23546606	27346503	2984932	3.799897	0.786	HG01351	9	CLM
89438914	94188141	3381879	4.749227	0.712	HG01354	9	CLM
58730071	60803294	1608909	2.073223	0.776	HG01124	10	CLM
103076902	105264087	1411918	2.187185	0.646	HG01250	10	CLM
74205718	77034063	1851179	2.828345	0.655	HG01260	10	CLM
80745100	89872699	6435942	9.127599	0.705	HG01277	10	CLM
86830909	94824205	5429881	7.993296	0.679	HG01131	11	CLM
26063959	28700423	2103320	2.636464	0.798	HG01148	11	CLM
46195110	48237461	1264063	2.042351	0.619	HG01345	11	CLM
202017	6074346	3736725	5.872329	0.636	HG01348	11	CLM
3223705	8044997	3506327	4.821292	0.727	HG01148	12	CLM
188197	2523697	1743329	2.3355	0.746	HG01254	12	CLM
76319523	119292447	32715416	42.972924	0.761	HG01275	12	CLM
53045777	55781214	1867861	2.735437	0.683	HG01277	12	CLM
55783942	66234526	7427723	10.450584	0.711	HG01277	12	CLM
111037438	113045400	1238878	2.007962	0.617	HG01281	12	CLM
128216315	133830021	3748995	5.613706	0.668	HG01348	12	CLM
60035137	62400139	1833011	2.365002	0.775	HG01350	12	CLM
37455391	65459621	21652376	28.00423	0.773	HG01275	13	CLM
39783549	42142592	1714839	2.359043	0.727	HG01277	13	CLM
55383066	58698862	2673736	3.315796	0.806	HG01341	13	CLM
100780196	103867558	2530208	3.087362	0.82	HG01342	13	CLM
28476583	32834394	3275202	4.357811	0.752	HG01348	14	CLM
26142153	29222962	2412693	3.080809	0.783	HG01350	14	CLM
98826261	102400037	2696033	3.573776	0.754	HG01148	15	CLM
23909689	26178683	1379408	2.268994	0.608	HG01259	15	CLM
65458519	71766297	4866139	6.307778	0.771	HG01259	15	CLM
19293408	26784031	4648953	7.490623	0.621	HG01119	16	CLM
80518590	87427043	5329338	6.908453	0.771	HG01148	16	CLM
86008641	88797471	1812825	2.78883	0.65	HG01275	16	CLM
66355035	68517037	1417090	2.162002	0.655	HG01348	16	CLM
58807931	62371804	2320012	3.563873	0.651	HG01148	17	CLM
11784823	14756163	2280064	2.97134	0.767	HG01275	17	CLM
74965925	78423224	2269483	3.457299	0.656	HG01275	17	CLM
50228529	63704265	9221539	13.475736	0.684	HG01350	17	CLM
61129895	68122127	5774682	6.992232	0.826	HG01148	18	CLM
55814932	59014388	2494362	3.199456	0.78	HG01277	18	CLM
66133833	69275607	2522726	3.141774	0.803	HG01348	18	CLM
48367293	51155856	2267901	2.788563	0.813	HG01350	18	CLM
32675754	34795372	1310506	2.119618	0.618	HG01269	20	CLM
102360763	104754536	1584876	2.393773	0.662	CO18:31	1	CO
209070240	217046137	6257853	7.975897	0.785	CO23:20	1	CO
41986286	62361392	15184377	20.375106	0.745	CO23:39	1	CO
188786547	191134943	1920604	2.348396	0.818	CO4:4	1	CO
176749779	178897318	1739678	2.147539	0.81	CO7:124	1	CO
207064918	209831590	2214587	2.766672	0.8	CO7:124	1	CO
230185514	236146921	4507500	5.961407	0.756	CO7:124	1	CO
50709376	53104085	1642910	2.394709	0.686	CO7:131	1	CO
65638306	71028815	4174196	5.390509	0.774	CO10:38	1	CO
234505024	236681990	1448919	2.176966	0.666	CO14:17	1	CO
174504924	177387653	2241394	2.882729	0.778	CO23:20	2	CO
160071154	163301262	2561868	3.230108	0.793	CO27:15	2	CO
160466656	163546992	2478059	3.080336	0.804	CO4:4	2	CO
81601576	83622161	1632838	2.020585	0.808	CO7:86	2	CO
155220108	165312183	8107346	10.092075	0.803	CO7:86	2	CO
127901657	131138263	2155665	3.236606	0.666	CO7:124	2	CO
8557897	16241081	5998999	7.683184	0.781	CO10:38	2	CO
159058679	161243992	1667694	2.185313	0.763	CO10:38	2	CO
202503225	204814676	1542113	2.311451	0.667	CO15:16	2	CO
94812515	97354110	1998860	2.541595	0.786	CO18:31	3	CO
62055452	66403333	3529609	4.347881	0.812	CO23:39	3	CO
66420255	88362826	17205382	21.942571	0.784	CO23:39	3	CO
190212165	194753579	3581881	4.541414	0.789	CO23:39	3	CO
88378348	90400831	1453653	2.022483	0.719	CO27:54	3	CO
133095873	146631024	10368529	13.535151	0.766	CO7:132	3	CO
107611941	112927980	4079556	5.316039	0.767	CO7:96	3	CO
186684654	191751195	4097962	5.066541	0.809	CO14:17	3	CO
176699755	179353390	1983793	2.653635	0.748	CO15:16	3	CO
131724853	133879820	1452108	2.154967	0.674	CO18:33	4	CO
68481933	71115807	1622466	2.633874	0.616	CO23:21	4	CO
23762136	29737495	4779637	5.975359	0.8	CO23:39	4	CO
106316605	126471571	15481343	20.154966	0.768	CO27:15	4	CO
143231079	146273558	2044878	3.042479	0.672	CO7:131	4	CO
36436552	41041784	3470979	4.605232	0.754	CO23:20	5	CO
110491533	113388257	2249760	2.896724	0.777	CO23:20	5	CO
94976254	111966878	13207750	16.990624	0.777	CO23:39	5	CO
116726573	132553620	12075200	15.827047	0.763	CO23:39	5	CO
129462571	131541833	1444181	2.079262	0.695	CO7:86	5	CO
7673978	9878440	1815626	2.204462	0.824	CO7:120	5	CO
23036679	30126349	5573078	7.08967	0.786	CO7:124	5	CO
123754638	128400534	3574433	4.645896	0.769	CO7:124	5	CO
75786404	85948574	7736358	10.16217	0.761	CO10:10	5	CO
85324113	87486538	1629161	2.162425	0.753	CO14:17	5	CO
16889915	20833702	2823022	3.943787	0.716	CO14:5	5	CO
21555996	31564157	7793189	10.008161	0.779	CO14:5	5	CO
80641962	103665239	17915252	23.023277	0.778	CO14:5	5	CO
117421203	121184522	2888765	3.763319	0.768	CO14:5	5	CO
129525635	132438358	2028002	2.912723	0.696	CO14:5	5	CO
88507613	91507934	2306291	3.000321	0.769	CO23:20	6	CO
151620210	153702146	1608798	2.081936	0.773	CO27:15	6	CO
28737976	30947365	1401828	2.209389	0.634	CO10:10	6	CO
108028752	111935748	2767097	3.906996	0.708	CO10:13	6	CO
26458265	29519848	1963700	3.061583	0.641	CO10:24	6	CO
25628445	31020057	3524053	5.391612	0.654	CO15:16	6	CO
130065574	133444951	2658794	3.379377	0.787	CO15:16	6	CO
151079949	155217265	3070787	4.137316	0.742	CO15:16	6	CO
158965946	169669651	8154126	10.703705	0.762	CO15:16	6	CO
26235344	28610507	1872354	2.375163	0.788	CO18:31	7	CO
28428794	32711465	3341473	4.282671	0.78	CO23:20	7	CO
11260881	16895136	4602812	5.634255	0.817	CO23:29	7	CO
28369728	47585250	14444244	19.215522	0.752	CO23:39	7	CO
6610274	11653904	3732705	5.04363	0.74	CO23:45	7	CO
155767185	159124173	2379656	3.356988	0.709	CO27:15	7	CO
107614563	111732207	3256702	4.117644	0.791	CO7:96	7	CO
82311046	90635403	6617846	8.324357	0.795	CO10:10	7	CO
117738961	120098304	1899688	2.359343	0.805	CO15:16	7	CO
50673159	53000429	1818076	2.32727	0.781	CO18:33	8	CO
117072454	119696984	2157836	2.62453	0.822	CO23:39	8	CO
124881498	146300583	16524203	21.419085	0.771	CO23:39	8	CO
58468220	79752125	16612973	21.283905	0.781	CO27:15	8	CO
165113	2176669	1347944	2.011556	0.67	CO7:124	8	CO
2276824	5387976	2570590	3.111152	0.826	CO7:124	8	CO
5606728	17751378	8003402	12.14465	0.659	CO7:124	8	CO
17752830	26348878	6698135	8.596048	0.779	CO7:124	8	CO
112623011	114839026	1850026	2.216015	0.835	CO7:132	8	CO
46916519	49581602	1693654	2.665083	0.635	CO10:24	8	CO
84851156	86942546	1411692	2.09139	0.675	CO14:17	8	CO
85089162	89077633	2874591	3.988471	0.721	CO15:16	8	CO
19229599	27360012	6312429	8.130413	0.776	CO23:39	9	CO
32612703	38475628	3899989	5.862925	0.665	CO23:39	9	CO
79131692	91413756	9153238	12.282064	0.745	CO23:39	9	CO
116880005	121375434	3754260	4.495429	0.835	CO23:39	9	CO
119142825	130531599	8918397	11.388774	0.783	CO23:45	9	CO
99006060	101460180	1571249	2.45412	0.64	CO7:124	9	CO
101490628	104528811	2407553	3.038183	0.792	CO7:124	9	CO
110355301	112854690	2002409	2.499389	0.801	CO7:124	9	CO
124382062	128000478	2833441	3.618416	0.783	CO18:11	10	CO
19428295	25384578	4427598	5.956283	0.743	CO27:57	10	CO
74804444	76833404	1334554	2.02896	0.658	CO7:131	10	CO
109368849	114583996	4160913	5.215147	0.798	CO10:10	10	CO
98667261	101100147	1936975	2.432886	0.796	CO18:33	11	CO
204147	18153093	13080213	17.948946	0.729	CO23:39	11	CO
64197117	69493485	3274588	5.296368	0.618	CO27:15	11	CO
12547854	29666559	13397531	17.118705	0.783	CO7:124	11	CO
116380536	120584612	3168337	4.204076	0.754	CO7:124	11	CO
63797109	66689240	1870835	2.892131	0.647	CO7:131	11	CO
83648988	93013531	6531413	9.364543	0.697	CO10:10	11	CO
127913903	130690162	2151870	2.776259	0.775	CO10:10	11	CO
15170686	17422099	1807027	2.251413	0.803	CO15:16	11	CO
101995214	104321106	1829534	2.325892	0.787	CO23:45	12	CO
129265899	132924915	2506275	3.659016	0.685	CO4:4	12	CO
106669378	109241869	2018540	2.572491	0.785	CO7:120	12	CO
110278696	112971454	1631793	2.692758	0.606	CO15:14	12	CO
32011166	36592896	3689510	4.58173	0.805	CO23:29	13	CO
52095585	72438988	16253896	20.343403	0.799	CO23:39	13	CO
80517780	95807362	12242289	15.289582	0.801	CO23:39	13	CO
101525291	103553192	1692713	2.027901	0.835	CO23:39	13	CO
109623356	115108003	3862838	5.484647	0.704	CO23:45	13	CO
31348893	33855863	2005264	2.50697	0.8	CO27:15	13	CO
54291300	59315196	4061063	5.023896	0.808	CO27:57	13	CO
26504254	28909355	1830418	2.405101	0.761	CO15:16	13	CO
59072121	61671518	1975319	2.599397	0.76	CO7:131	14	CO
54814533	57449077	2004248	2.634544	0.761	CO15:16	14	CO
58925419	63155404	3274499	4.229985	0.774	CO15:16	14	CO
47493994	50494513	2472501	3.000519	0.824	CO23:21	15	CO
53778448	66441740	9525419	12.663292	0.752	CO27:15	15	CO
42155656	44614684	1568334	2.459028	0.638	CO7:86	15	CO
75189930	78163081	1955371	2.973151	0.658	CO7:132	15	CO
84296118	90151109	3825956	5.854991	0.653	CO27:15	16	CO
70765147	72898348	1295648	2.133201	0.607	CO7:86	16	CO
6098295	15051641	6220584	8.953346	0.695	CO7:132	16	CO
50472550	53667093	2571189	3.194543	0.805	CO10:10	16	CO
48045438	54592288	5037966	6.54685	0.77	CO23:21	17	CO
3763433	14383456	7440661	10.620023	0.701	CO7:124	17	CO
60872506	64327406	2238915	3.4549	0.648	CO7:124	17	CO
61017423	63229448	1335357	2.212025	0.604	CO15:16	17	CO
60108754	66057407	4877894	5.948653	0.82	CO18:31	18	CO
11055411	14114269	2089275	3.058858	0.683	CO27:15	18	CO
32883556	34905452	1572299	2.021896	0.778	CO4:4	18	CO
51070334	57370861	4900932	6.300527	0.778	CO7:132	18	CO
32505477	34574914	1290581	2.069437	0.624	CO23:21	20	CO
31973516	34674217	1660999	2.700701	0.615	CO27:15	20	CO
32919219	35489265	1599913	2.570046	0.623	CO4:51	20	CO
32514324	34720287	1370795	2.205963	0.621	CO7:86	20	CO
56807792	59096383	1927704	2.288591	0.842	CO7:96	20	CO
16229925	19925699	2845952	3.695774	0.77	CO23:20	21	CO
28107823	34374505	4709688	6.266682	0.752	CO23:45	21	CO
26421188	37712412	7999109	11.291224	0.708	CO23:39	22	CO
18675792	25478644	4680730	6.802852	0.688	CR004:1776	1	CR
20444189	23019112	1762118	2.574923	0.684	CR007:13590	1	CR
82128935	84726728	1904954	2.597793	0.733	CR008:11290	1	CR
37826757	48195360	7121008	10.368603	0.687	CR009:10006	1	CR
25267922	33340038	5052028	8.072116	0.626	CR009:39579	1	CR
64558015	77532553	10208335	12.974538	0.787	CR009:39579	1	CR
49429742	51556352	1549691	2.12661	0.729	CR012:18026	1	CR
198048704	203018190	3674367	4.969486	0.739	CR012:39730	1	CR
107642605	110375695	1904222	2.73309	0.697	CR014:3761	1	CR
180235407	199249003	15113199	19.013596	0.795	CR014:9578	1	CR
151482459	162002829	7115470	10.52037	0.676	CR201:69	1	CR
162455412	168360127	4611343	5.904715	0.781	CR201:69	1	CR
40479274	71937694	23625780	31.45842	0.751	CR201:90	1	CR
232313864	242004835	7413149	9.690971	0.765	CR201:90	1	CR
45180902	47215732	1251725	2.03483	0.615	CR201:3306	1	CR
47852288	57416841	7478480	9.564553	0.782	CR004:1776	2	CR
235903445	239630253	2961756	3.726808	0.795	CR006:6230	2	CR
168671309	175890331	5450819	7.219022	0.755	CR009:10007	2	CR
197079407	199824567	2111822	2.74516	0.769	CR010:2279	2	CR
97428320	101631388	2740628	4.203068	0.652	CR012:18026	2	CR
146069923	155028700	7003763	8.958777	0.782	CR012:39730	2	CR
40102404	43190214	2420690	3.08781	0.784	CR201:69	2	CR
70829121	79898350	6972433	9.069229	0.769	CR201:90	2	CR
172530036	204839297	25070382	32.309261	0.776	CR201:90	2	CR
231562444	243046591	8478341	11.484147	0.738	CR201:3306	2	CR
186260445	188473970	1722084	2.213525	0.778	CR201:4908	2	CR
56403345	59147994	2219740	2.744649	0.809	CR277:6351	2	CR
223360730	230023929	5185985	6.663199	0.778	CR004:520	2	CR
182245072	185687347	2364516	3.442275	0.687	CR004:1776	3	CR
45853072	48167281	1563291	2.314209	0.676	CR010:2279	3	CR
40920582	45165430	3182990	4.244848	0.75	CR014:3761	3	CR
13428235	16398797	2245972	2.970562	0.756	CR201:4908	3	CR
16408942	20751820	3382776	4.342878	0.779	CR201:4908	3	CR
48215253	52216614	2513217	4.001361	0.628	CR201:9305	3	CR
82635542	84990480	1879679	2.354938	0.798	CR277:17229	3	CR
46956930	51668102	2877409	4.711172	0.611	CR277:6350	3	CR
46667224	52800284	3909740	6.13306	0.637	CR001:831	3	CR
1052355	3577178	1610842	2.524823	0.638	CR201:3306	4	CR
3631373	12193878	5773994	8.562505	0.674	CR201:3306	4	CR
173045422	175089750	1624704	2.044328	0.795	CR201:4908	4	CR
17103936	19706462	2044300	2.602526	0.786	CR277:17229	4	CR
123122856	125848875	2107190	2.726019	0.773	CR277:6350	4	CR
167650280	169749186	1662539	2.098906	0.792	CR277:6350	4	CR
56907312	59943800	2460601	3.036488	0.81	CR004:1776	5	CR
59963107	65908576	4508719	5.945469	0.758	CR004:1776	5	CR
77834827	103425608	19704756	25.590781	0.77	CR004:1776	5	CR
103455763	113776669	8241671	10.320906	0.799	CR004:1776	5	CR
53611097	64317833	8233458	10.706736	0.769	CR007:13590	5	CR
134608281	145905334	8534377	11.297053	0.755	CR201:69	5	CR
100604169	103171565	2039030	2.567396	0.794	CR201:90	5	CR
90834653	94245845	2716862	3.411192	0.796	CR201:2188	5	CR
13192	8692470	6662907	8.679278	0.768	CR201:3306	5	CR
3660646	9732857	4978245	6.072211	0.82	CR201:4908	5	CR
90452758	94439547	3161596	3.986789	0.793	CR201:4908	5	CR
25503369	28645523	2133924	3.142154	0.679	CR006:9213	6	CR
71065120	77505886	4732238	6.440766	0.735	CR006:9213	6	CR
148924591	154723908	4279133	5.799317	0.738	CR006:9213	6	CR
379434	2931354	2029296	2.55192	0.795	CR007:13590	6	CR
202777	6604962	4888454	6.402185	0.764	CR009:39579	6	CR
12336616	14674308	1872696	2.337692	0.801	CR009:39579	6	CR
17332826	32711782	10621548	15.378956	0.691	CR009:39579	6	CR
32715682	43795894	8113753	11.080212	0.732	CR009:39579	6	CR
72452200	82081252	7116981	9.629052	0.739	CR009:39579	6	CR
82093085	88805624	4814180	6.712539	0.717	CR009:39579	6	CR
151254639	154456706	2407625	3.202067	0.752	CR201:90	6	CR
127459004	134840631	5892392	7.381627	0.798	CR201:2185	6	CR
11329512	24939049	10369220	13.609537	0.762	CR201:3306	6	CR
113931020	116779075	2371130	2.848055	0.833	CR009:10007	7	CR
77131643	92978342	12532900	15.846699	0.791	CR201:69	7	CR
78179257	80601979	1979103	2.422722	0.817	CR201:2185	7	CR
131774657	138307681	5141311	6.533024	0.787	CR201:4908	7	CR
118360498	120669242	1898422	2.308744	0.822	CR004:520	7	CR
170598	2176224	1347413	2.005626	0.672	CR004:1776	8	CR
2289839	4348688	1689740	2.058849	0.821	CR004:1776	8	CR
99418333	101504357	1529370	2.086024	0.733	CR009:10006	8	CR
49045974	51174367	1661713	2.128393	0.781	CR009:10007	8	CR
99314768	101393624	1529589	2.078856	0.736	CR009:39579	8	CR
48374442	58242529	7404778	9.868087	0.75	CR010:2279	8	CR
82280530	92469609	7739072	10.189079	0.76	CR014:9578	8	CR
3420503	6684738	2684319	3.264235	0.822	CR201:90	8	CR
47100330	49700578	1671384	2.600248	0.643	CR201:90	8	CR
139845132	146300583	4422946	6.455451	0.685	CR201:90	8	CR
99427304	101442308	1469774	2.015004	0.729	CR277:6350	8	CR
2443158	7380059	3679959	4.936901	0.745	CR004:1776	9	CR
128150021	132196464	2766458	4.046443	0.684	CR008:11290	9	CR
132203389	140393214	5387884	8.189825	0.658	CR008:11290	9	CR
101593851	104224468	2063598	2.630617	0.784	CR012:39730	9	CR
132209025	136330188	2686676	4.121163	0.652	CR014:3761	9	CR
92876666	114349401	15955383	21.472735	0.743	CR201:2185	9	CR
74033899	76752933	1758630	2.719034	0.647	CR004:1776	10	CR
11875716	26613641	10343016	14.737925	0.702	CR012:39730	10	CR
52785053	56886355	3264973	4.101302	0.796	CR014:9578	10	CR
100214077	115549188	11747381	15.335111	0.766	CR201:69	10	CR
119766381	123885199	3152454	4.118818	0.765	CR201:90	10	CR
23350033	29420552	4275056	6.070519	0.704	CR201:3306	10	CR
21317504	27176642	4201468	5.859138	0.717	CR201:4908	10	CR
27230675	29239949	1373488	2.009274	0.684	CR201:4908	10	CR
115651253	119707875	3248164	4.056622	0.801	CR201:4908	10	CR
98717717	124730845	20282896	26.013128	0.78	CR004:1776	11	CR
99368450	106512478	5622512	7.144028	0.787	CR007:13590	11	CR
4750773	11618484	5179624	6.867711	0.754	CR008:11290	11	CR
195431	4851537	2807159	4.656106	0.603	CR009:39579	11	CR
103560980	109188266	4364856	5.627286	0.776	CR009:39579	11	CR
18873142	24888014	4765278	6.014872	0.792	CR201:90	11	CR
126892213	132907172	4923948	6.014959	0.819	CR201:90	11	CR
101619130	125008031	16497315	23.388901	0.705	CR004:1776	12	CR
86503834	94639925	6450249	8.136091	0.793	CR006:6230	12	CR
111798553	115247545	2393272	3.448992	0.694	CR006:6230	12	CR
76453861	82502440	4835756	6.048579	0.799	CR009:10006	12	CR
63229170	66414727	2212999	3.185557	0.695	CR012:39730	12	CR
117586859	122662856	3274206	5.075997	0.645	CR201:90	12	CR
85847153	87884781	1603794	2.037628	0.787	CR201:2188	12	CR
35331458	40785356	4397174	5.453898	0.806	CR007:13589	13	CR
112507596	115106996	1686567	2.5994	0.649	CR007:13589	13	CR
86482774	88907058	1852208	2.424284	0.764	CR014:3761	13	CR
96037615	98272256	1773292	2.234641	0.794	CR014:3761	13	CR
111455627	115106996	2392449	3.651369	0.655	CR201:69	13	CR
71296869	74192249	2378880	2.89538	0.822	CR201:90	13	CR
80813199	86238562	4382792	5.425363	0.808	CR201:3306	13	CR
106542972	109266578	2277792	2.723606	0.836	CR201:4908	13	CR
72978061	75313922	1881105	2.335861	0.805	CR201:9305	13	CR
31641248	92759013	48439649	61.117765	0.793	CR277:6350	13	CR
92985875	101353769	6744471	8.367894	0.806	CR009:39579	14	CR
100431872	107022266	4056779	6.590394	0.616	CR010:2279	14	CR
20691888	26334014	3953132	5.642126	0.701	CR201:69	14	CR
95320698	107287663	8459741	11.966965	0.707	CR201:3306	14	CR
31016482	36572148	3678993	5.555666	0.662	CR004:1776	15	CR
70348304	89295727	13076678	18.947423	0.69	CR004:1776	15	CR
69979459	76530157	4662209	6.550698	0.712	CR006:6230	15	CR
50492560	56318384	4245024	5.825824	0.729	CR006:9213	15	CR
58196118	68688397	7909596	10.492279	0.754	CR006:9213	15	CR
66419489	68488218	1343214	2.068729	0.649	CR201:2188	16	CR
66472433	68823465	1491593	2.351032	0.634	CR004:520	16	CR
8535817	14254921	4271498	5.719104	0.747	CR009:39579	17	CR
75071134	80190014	3318650	5.11888	0.648	CR201:90	17	CR
65901636	74138236	6787616	8.2366	0.824	CR006:6230	18	CR
43297872	49000596	4450844	5.702724	0.78	CR201:69	18	CR
39158981	51180715	9723337	12.021734	0.809	CR201:3306	18	CR
72235116	75205639	2422547	2.970523	0.816	CR004:520	18	CR
36435802	39441822	2477847	3.00602	0.824	CR008:17633	20	CR
33886113	36196756	1436968	2.310643	0.622	CR014:9578	20	CR
48201134	52027893	2780461	3.826759	0.727	CR201:90	20	CR
29328786	35583910	4673348	6.255124	0.747	CR201:2185	21	CR
22212441	25323183	2525855	3.110742	0.812	CR201:3306	21	CR
35328895	44685756	6105028	9.356861	0.652	CR201:69	22	CR
23418838	27670497	2685301	4.251659	0.632	CR201:90	22	CR
48365462	50641944	1743004	2.276482	0.766	HG00176	1	FIN
245339879	247586920	1549536	2.247041	0.69	HG00176	1	FIN
88429024	92203668	2841814	3.774644	0.753	HG00182	1	FIN
209735141	213823194	3013115	4.088053	0.737	HG00182	1	FIN
42355082	47637999	3495878	5.282917	0.662	HG00306	1	FIN
85573095	87631649	1539571	2.058554	0.748	HG00306	1	FIN
49202240	51994729	2042457	2.792489	0.731	HG00367	1	FIN
31156976	33623851	1757168	2.466875	0.712	HG00177	2	FIN
185290272	187802572	2000014	2.5123	0.796	HG00189	2	FIN
224846159	227371725	2040867	2.525566	0.808	HG00190	2	FIN
26494695	30448847	3051838	3.954152	0.772	HG00272	2	FIN
228541273	231539289	2219547	2.998016	0.74	HG00272	2	FIN
55509306	57689257	1627102	2.179951	0.746	HG00320	2	FIN
98261688	105865050	5969078	7.603362	0.785	HG00341	2	FIN
146449008	149229117	2246172	2.780109	0.808	HG00353	2	FIN
201598390	203750272	1405277	2.151882	0.653	HG00353	2	FIN
46764660	50513831	2281317	3.749171	0.608	HG00173	3	FIN
98798010	101952099	2346987	3.154089	0.744	HG00177	3	FIN
135473573	137761669	1572904	2.288096	0.687	HG00182	3	FIN
32239249	35996468	2787019	3.757219	0.742	HG00189	3	FIN
178538249	181235282	1975406	2.697033	0.732	HG00310	3	FIN
161416296	165040564	2729948	3.624268	0.753	HG00313	3	FIN
73430237	77746082	3043485	4.315845	0.705	HG00364	3	FIN
82112807	84761934	2128383	2.649127	0.803	HG00366	3	FIN
117088173	120400115	2602409	3.311942	0.786	HG00367	3	FIN
74753881	78032117	2349889	3.278236	0.717	HG00310	4	FIN
138235134	140515053	1718631	2.279919	0.754	HG00313	4	FIN
68857034	71459248	1581803	2.602214	0.608	HG00321	4	FIN
104780200	111496844	5109891	6.716644	0.761	HG00364	4	FIN
143008109	153526449	7916551	10.51834	0.753	HG00375	4	FIN
50430521	53971660	2769179	3.541139	0.782	HG00174	5	FIN
150597906	153775540	2512236	3.177634	0.791	HG00176	5	FIN
137032820	139068126	1280667	2.035306	0.629	HG00177	5	FIN
25863101	29327911	2754483	3.46481	0.795	HG00180	5	FIN
154634623	157528179	2167453	2.893556	0.749	HG00180	5	FIN
90952556	93467709	2003216	2.515153	0.796	HG00310	5	FIN
149903859	152327668	1856951	2.423809	0.766	HG00320	5	FIN
5834318	9431141	2915996	3.596823	0.811	HG00364	5	FIN
89785412	92055195	1772068	2.269783	0.781	HG00366	5	FIN
136436888	139150785	1838555	2.713897	0.677	HG00375	5	FIN
157439261	162164600	3370970	4.725339	0.713	HG00176	6	FIN
133015606	135465474	1893497	2.449868	0.773	HG00177	6	FIN
119541251	121867677	1786912	2.326426	0.768	HG00180	6	FIN
27326863	29521557	1563213	2.194694	0.712	HG00181	6	FIN
27652560	29789999	1503130	2.137439	0.703	HG00182	6	FIN
26111671	28371521	1418140	2.25985	0.628	HG00189	6	FIN
80282683	82585857	1760749	2.303174	0.764	HG00272	6	FIN
93918466	97084953	2447800	3.166487	0.773	HG00277	6	FIN
67044321	70514072	2734909	3.469751	0.788	HG00310	6	FIN
75916542	79865825	2915076	3.949283	0.738	HG00353	6	FIN
92115316	94945872	2262680	2.830556	0.799	HG00177	7	FIN
13105009	16595757	2872205	3.490748	0.823	HG00180	7	FIN
8643414	13955326	4222969	5.311912	0.795	HG00277	7	FIN
9144547	11623437	1934714	2.47889	0.78	HG00320	7	FIN
26638809	28884912	1805873	2.246103	0.804	HG00366	7	FIN
85410549	87752528	1806285	2.341979	0.771	HG00375	7	FIN
9406372	13267891	2468150	3.861519	0.639	HG00176	8	FIN
64527399	66957504	1912882	2.430105	0.787	HG00282	8	FIN
99197557	101452490	1661595	2.254933	0.737	HG00282	8	FIN
111055444	113388961	1901576	2.333517	0.815	HG00310	8	FIN
112090069	115475178	2770873	3.385109	0.819	HG00315	8	FIN
101993612	104103541	1626785	2.109929	0.771	HG00266	9	FIN
94565289	96668352	1456291	2.103063	0.692	HG00321	9	FIN
126786733	129347764	1865138	2.561031	0.728	HG00364	9	FIN
21597243	24188370	1853212	2.591127	0.715	HG00190	10	FIN
103049708	105710933	1790769	2.661225	0.673	HG00266	10	FIN
95589782	98371748	1961716	2.781966	0.705	HG00267	10	FIN
95731947	97984131	1528337	2.252184	0.679	HG00272	10	FIN
133358990	135435416	1335586	2.076426	0.643	HG00277	10	FIN
65447520	68576714	2466815	3.129194	0.788	HG00313	10	FIN
21725452	26185949	3274291	4.460497	0.734	HG00320	10	FIN
33913754	36439485	1853944	2.525731	0.734	HG00366	10	FIN
26938505	32011000	4103467	5.072495	0.809	HG00180	11	FIN
96467850	99299605	2218416	2.831755	0.783	HG00366	11	FIN
8604394	11124760	1598324	2.520366	0.634	HG00174	12	FIN
86388292	89402824	2350329	3.014532	0.78	HG00180	12	FIN
77146303	79235675	1709674	2.089372	0.818	HG00266	12	FIN
48262073	50315797	1348522	2.053724	0.657	HG00310	12	FIN
85422437	89477507	3218215	4.05507	0.794	HG00321	12	FIN
61236594	70854149	7771743	9.617555	0.808	HG00177	13	FIN
67038725	70698553	3048606	3.659828	0.833	HG00320	13	FIN
80612807	84399251	3019809	3.786444	0.798	HG00375	13	FIN
101955529	104600920	1679250	2.645391	0.635	HG00190	14	FIN
45212104	47454610	1674218	2.242506	0.747	HG00272	14	FIN
59267838	68034242	6540440	8.766404	0.746	HG00272	14	FIN
66470365	68690442	1640954	2.220077	0.739	HG00366	14	FIN
74526596	78694954	2735096	4.168358	0.656	HG00320	15	FIN
52560373	55133732	2038877	2.573359	0.792	HG00353	15	FIN
53048455	57014411	3068272	3.965956	0.774	HG00267	16	FIN
58825178	60938993	1686190	2.113815	0.798	HG00267	18	FIN
60862555	63734834	2353262	2.872279	0.819	HG00364	18	FIN
31902008	35048335	1962473	3.146327	0.624	HG00267	20	FIN
27925729	29952721	1480128	2.026992	0.73	HG00267	21	FIN
24073909	27188439	2519863	3.11453	0.809	HG00306	21	FIN
28265875	30934816	1794656	2.668941	0.672	HG00267	22	FIN
29471323	32852722	2106849	3.381399	0.623	HG00321	22	FIN
49158015	51442137	1718325	2.284122	0.752	NA19661	1	MEX
178945729	183114797	3098501	4.169068	0.743	NA19669	1	MEX
55463086	63358816	6339482	7.89573	0.803	NA19679	1	MEX
22491168	27750139	3860745	5.258971	0.734	NA19669	2	MEX
27752296	36271710	6480810	8.519414	0.761	NA19669	2	MEX
190490041	195344708	3891154	4.854667	0.802	NA19669	2	MEX
199666011	202817791	2389361	3.15178	0.758	NA19669	2	MEX
198160324	205045326	5013463	6.885002	0.728	NA19750	2	MEX
188798424	190931462	1694799	2.133038	0.795	NA19759	2	MEX
151896859	153947825	1538634	2.050966	0.75	NA19783	2	MEX
119315456	121563271	1600855	2.247815	0.712	NA19654	3	MEX
159638026	161686839	1573652	2.048813	0.768	NA19654	3	MEX
179247616	182255337	2308773	3.007721	0.768	NA19669	3	MEX
8771263	11690450	2178553	2.919187	0.746	NA19679	3	MEX
31836232	43910717	9083730	12.074485	0.752	NA19679	3	MEX
59434719	63396026	3292372	3.961307	0.831	NA19679	3	MEX
46988654	51773450	2926528	4.784796	0.612	NA19746	3	MEX
87633115	89960347	1805795	2.327232	0.776	NA19747	3	MEX
87941850	89960347	1577760	2.018497	0.782	NA19774	3	MEX
140778067	149194771	6245879	8.416704	0.742	NA19679	4	MEX
58715053	61217689	1889599	2.502636	0.755	NA19783	4	MEX
42431016	44960147	1795744	2.529131	0.71	NA19657	5	MEX
136388933	139276748	1989446	2.887815	0.689	NA19679	5	MEX
129579544	131827775	1574309	2.248231	0.7	NA19750	5	MEX
40302567	42590767	1734601	2.2882	0.758	NA19756	5	MEX
47757598	50415168	2114395	2.65757	0.796	NA19654	6	MEX
61969414	63998425	1406593	2.029011	0.693	NA19678	6	MEX
16908076	22289461	3951852	5.381385	0.734	NA19679	6	MEX
19441802	24424580	3830608	4.982778	0.769	NA19716	6	MEX
48400589	51940692	2832580	3.540103	0.8	NA19771	6	MEX
62609874	65516916	2170350	2.907042	0.747	NA19773	6	MEX
71223589	98095655	18107439	26.872066	0.674	NA19649	7	MEX
109457774	138318616	22558836	28.860842	0.782	NA19679	7	MEX
155177077	158212055	2231099	3.034978	0.735	NA19679	7	MEX
54484891	61190480	5136185	6.705589	0.766	NA19669	8	MEX
111105342	114650771	2931790	3.545429	0.827	NA19759	8	MEX
72626938	84372862	9141703	11.745924	0.778	NA19679	9	MEX
64220494	87959096	17697552	23.738602	0.746	NA19679	10	MEX
15208169	18939666	2869272	3.731497	0.769	NA19649	11	MEX
18974860	29479568	8334834	10.504708	0.793	NA19649	11	MEX
57377992	60101593	1835010	2.723601	0.674	NA19663	11	MEX
193112	5700050	3458242	5.506938	0.628	NA19679	11	MEX
33958433	43876435	7777964	9.918002	0.784	NA19679	11	MEX
89715192	94437906	3758411	4.722714	0.796	NA19679	12	MEX
42892740	45832579	2307704	2.939839	0.785	NA19795	12	MEX
87054707	89469531	1977211	2.414824	0.819	NA19783	13	MEX
27536855	39601100	8954207	12.064245	0.742	NA19679	14	MEX
39602970	43269924	2794985	3.666954	0.762	NA19679	14	MEX
75807365	82508895	5296230	6.70153	0.79	NA19750	14	MEX
27880233	53766542	17523954	25.886309	0.677	NA19679	15	MEX
70077063	76461872	4525384	6.384809	0.709	NA19679	15	MEX
6760123	12027207	3961411	5.267084	0.752	NA19649	18	MEX
55611136	61044980	4492913	5.433844	0.827	NA19649	20	MEX
36349625	39315202	2239532	2.965577	0.755	NA19679	21	MEX
52521062	54639004	1486079	2.117942	0.702	HG01572	1	PEL
173353159	175516325	1508998	2.163166	0.698	HG01572	1	PEL
102732441	105208161	1609572	2.47572	0.65	HG01892	1	PEL
62368583	72941970	8176843	10.573387	0.773	HG01920	1	PEL
34197041	38563923	3227624	4.366882	0.739	HG01938	1	PEL
49200488	52689953	2510844	3.489465	0.72	HG01939	1	PEL
241502192	244527857	1949091	3.025665	0.644	HG01953	1	PEL
95408492	97443763	1609565	2.035271	0.791	HG01954	1	PEL
234852760	239313573	3249454	4.460813	0.728	HG01954	1	PEL
91901092	93962322	1412699	2.06123	0.685	HG01968	1	PEL
50813906	53120005	1558295	2.306099	0.676	HG01973	1	PEL
102654518	104777196	1356974	2.122678	0.639	HG01974	1	PEL
92321974	94554453	1550015	2.232479	0.694	HG01979	1	PEL
80815483	82871046	1709696	2.055563	0.832	HG02272	1	PEL
244645998	249223080	2836936	4.577082	0.62	HG02272	1	PEL
185419616	187723119	1826362	2.303503	0.793	HG01572	2	PEL
202978699	205002784	1328641	2.024085	0.656	HG01572	2	PEL
99306504	101328375	1490083	2.021871	0.737	HG01892	2	PEL
116504104	118892829	1809514	2.388725	0.758	HG01967	2	PEL
62530143	64556232	1468344	2.026089	0.725	HG01968	2	PEL
82272554	85095892	2257649	2.823338	0.8	HG01968	2	PEL
185410019	188472343	2420862	3.062324	0.791	HG01979	2	PEL
134996059	141574917	5203763	6.578858	0.791	HG02104	2	PEL
55970143	59180555	2580142	3.210412	0.804	HG02260	2	PEL
57012616	59621188	2135031	2.608572	0.818	HG02265	2	PEL
16815009	19541353	2196082	2.726344	0.806	HG02291	2	PEL
48360433	50792399	1519324	2.431966	0.625	HG01572	3	PEL
79013706	81133134	1712581	2.119428	0.808	HG01920	3	PEL
87427186	89591471	1684961	2.164285	0.779	HG01951	3	PEL
79685102	82734270	2480414	3.049168	0.813	HG01953	3	PEL
129084464	131210543	1446383	2.126079	0.68	HG01967	3	PEL
161895221	164605868	1997441	2.710647	0.737	HG02104	3	PEL
8778748	16078422	5426863	7.299674	0.743	HG02146	3	PEL
43819865	46600520	2122790	2.780655	0.763	HG02146	3	PEL
124172558	131836032	5463120	7.663474	0.713	HG02146	3	PEL
131837270	141003094	6914023	9.165824	0.754	HG02146	3	PEL
86381727	88914350	1964776	2.532623	0.776	HG02260	3	PEL
77453102	79766748	1922665	2.313646	0.831	HG02265	3	PEL
83301116	85535651	1800235	2.234535	0.806	HG02265	3	PEL
88102757	90167779	1620580	2.065022	0.785	HG02265	3	PEL
60799	7011080	5427334	6.950281	0.781	HG02272	3	PEL
16391908	18595068	1790153	2.20316	0.813	HG02272	3	PEL
49101322	51172521	1294823	2.071199	0.625	HG02291	3	PEL
88304379	90437441	1514264	2.133062	0.71	HG02291	3	PEL
155984606	158633485	2098542	2.648879	0.792	HG02312	3	PEL
92684275	95591976	2302418	2.907701	0.792	HG01951	4	PEL
68786	3588657	2174557	3.519871	0.618	HG01953	4	PEL
17453353	19721441	1778347	2.268088	0.784	HG01974	4	PEL
63785060	65974606	1686258	2.189546	0.77	HG01974	4	PEL
45213367	47279522	1647777	2.066155	0.798	HG01979	4	PEL
141234930	155800548	11057233	14.565618	0.759	HG02090	4	PEL
127340666	129588008	1636469	2.247342	0.728	HG02146	4	PEL
123588526	126472041	2284753	2.883515	0.792	HG02272	4	PEL
44902832	46973438	1617808	2.070606	0.781	HG02312	4	PEL
41466064	43919901	1752231	2.453837	0.714	HG01923	5	PEL
129444308	132210436	1970944	2.766128	0.713	HG01950	5	PEL
39641154	42987844	2530935	3.34669	0.756	HG01954	5	PEL
99989235	102016172	1525782	2.026937	0.753	HG02291	5	PEL
48281450	50340068	1603232	2.058618	0.779	HG01572	6	PEL
68558535	70688895	1701399	2.13036	0.799	HG01893	6	PEL
26205293	28414166	1380102	2.208873	0.625	HG01920	6	PEL
47698303	49826126	1681068	2.127823	0.79	HG01920	6	PEL
26276650	29350854	1942934	3.074204	0.632	HG01923	6	PEL
50423653	52804497	1837864	2.380844	0.772	HG01923	6	PEL
120240216	122370674	1583943	2.130458	0.743	HG01941	6	PEL
47322659	51087831	2991016	3.765172	0.794	HG01953	6	PEL
61895228	64026538	1435681	2.13131	0.674	HG01968	6	PEL
77513211	79862474	1744759	2.349263	0.743	HG01968	6	PEL
47918581	50246500	1828432	2.327919	0.785	HG01973	6	PEL
77791739	79831660	1516737	2.039921	0.744	HG02146	6	PEL
82750334	104195316	16463457	21.444982	0.768	HG02146	6	PEL
48281899	50500399	1735285	2.2185	0.782	HG02259	6	PEL
54738246	57162703	1929448	2.424457	0.796	HG02260	6	PEL
26276650	29312478	1917585	3.035828	0.632	HG02291	6	PEL
26152122	33638450	5637363	7.486328	0.753	HG01923	7	PEL
33665964	37378348	2674282	3.712384	0.72	HG01923	7	PEL
132177164	134209074	1664925	2.03191	0.819	HG01923	7	PEL
82938704	85066645	1753706	2.127941	0.824	HG01951	7	PEL
117503779	119768286	1819197	2.264507	0.803	HG02272	7	PEL
49880975	51958802	1643589	2.077827	0.791	HG01572	8	PEL
99203938	101441185	1646425	2.237247	0.736	HG01967	8	PEL
108913163	111871361	2382771	2.958198	0.805	HG01968	8	PEL
112525746	114985568	2043712	2.459822	0.831	HG01968	8	PEL
46902883	49102747	1337646	2.199864	0.608	HG02291	8	PEL
99304803	101341296	1495965	2.036493	0.735	HG02312	8	PEL
72306931	74307114	1585534	2.000183	0.793	HG01923	9	PEL
32759153	36725673	2451540	3.96652	0.618	HG02272	9	PEL
133284378	136759186	2425351	3.474808	0.698	HG02272	9	PEL
74748460	77642920	1984203	2.89446	0.686	HG01938	10	PEL
103097992	105426679	1524211	2.328687	0.655	HG01938	10	PEL
111212258	118436068	5809010	7.22381	0.804	HG01953	10	PEL
7659926	13302896	4319901	5.64297	0.766	HG02146	10	PEL
55419659	57480878	1488768	2.061219	0.722	HG01572	11	PEL
78689781	93139551	10636618	14.44977	0.736	HG01923	11	PEL
20155312	27331452	5632968	7.17614	0.785	HG01953	11	PEL
89133684	91662472	1558361	2.528788	0.616	HG01973	11	PEL
64962936	67161665	1349863	2.198729	0.614	HG02090	11	PEL
37843939	39914960	1573559	2.071021	0.76	HG02104	11	PEL
97577345	99877241	1811757	2.299896	0.788	HG02265	11	PEL
64188701	66743160	1642032	2.554459	0.643	HG02272	11	PEL
103571391	106227513	2169453	2.656122	0.817	HG02285	11	PEL
64360629	67402362	1903432	3.041733	0.626	HG02291	11	PEL
104423404	106432155	1658302	2.008751	0.826	HG02291	11	PEL
85235035	87795950	2059273	2.560915	0.804	HG01565	12	PEL
85415361	87698100	1826748	2.282739	0.8	HG01954	12	PEL
109249715	111640674	1562084	2.390959	0.653	HG01973	12	PEL
83556258	86137866	2050948	2.581608	0.794	HG01974	12	PEL
122848096	125573968	1718047	2.725872	0.63	HG02265	12	PEL
44015184	46524263	1948177	2.509079	0.776	HG02285	12	PEL
85046571	87363434	1759844	2.316863	0.76	HG01938	13	PEL
95246440	98554952	2555022	3.308512	0.772	HG01979	13	PEL
64120700	67441381	2652576	3.320681	0.799	HG02146	13	PEL
63414920	65495351	1567555	2.080431	0.753	HG02285	13	PEL
45839287	48655340	2194678	2.816053	0.779	HG01950	14	PEL
41295987	43934701	2067025	2.638714	0.783	HG02291	14	PEL
76454194	79117133	1832146	2.662939	0.688	HG02104	15	PEL
46743675	49088005	1699094	2.34433	0.725	HG01572	16	PEL
50918591	53515093	2084761	2.596502	0.803	HG01920	16	PEL
58019615	60509352	1804657	2.489737	0.725	HG01923	16	PEL
7659067	9820141	1485799	2.161074	0.688	HG01920	17	PEL
7073747	9178382	1388131	2.104635	0.66	HG01951	17	PEL
77876184	81151920	2030778	3.275736	0.62	HG01953	17	PEL
64443629	70208934	4221744	5.765305	0.732	HG02146	17	PEL
47544434	54534634	5353918	6.9902	0.766	HG02272	17	PEL
1914284	4108360	1515756	2.194076	0.691	HG01951	20	PEL
41000573	54499254	9922118	13.498681	0.735	HG02146	20	PEL
40494561	42859819	1421878	2.365258	0.601	HG01565	22	PEL
49175111	52217585	2228026	3.042474	0.732	HG01075	1	PUR
77080765	79255412	1662784	2.174647	0.765	HG01075	1	PUR
50785294	53067034	1550145	2.28174	0.679	HG01171	1	PUR
115259084	119531764	3320940	4.27268	0.777	HG01183	1	PUR
242628042	244803440	1406678	2.175398	0.647	HG01190	1	PUR
188012281	191197253	2596050	3.184972	0.815	HG01286	1	PUR
26753441	35380117	6481613	8.626676	0.751	HG00734	2	PUR
134985657	139506285	3490280	4.520628	0.772	HG01049	2	PUR
1497803	7505334	4716063	6.007531	0.785	HG01183	2	PUR
80930216	83592080	2142334	2.661864	0.805	HG01183	2	PUR
100304984	108428664	6376033	8.12368	0.785	HG01198	2	PUR
124155338	130500081	4925199	6.344743	0.776	HG01198	2	PUR
139074804	142633993	2966387	3.559189	0.833	HG01414	2	PUR
50108685	53737370	2546624	3.628685	0.702	HG00734	3	PUR
39964074	43298726	2508322	3.334652	0.752	HG01089	3	PUR
48724811	50852176	1290704	2.127365	0.607	HG01098	3	PUR
189143679	194554656	4311144	5.410977	0.797	HG01177	3	PUR
140883271	144880844	3105139	3.997573	0.777	HG01183	3	PUR
123147131	131372985	5899077	8.225854	0.717	HG01323	3	PUR
36810631	39630686	2167601	2.820055	0.769	HG01398	3	PUR
39640587	62110626	16476002	22.470039	0.733	HG01398	3	PUR
174997286	181473992	4943227	6.476706	0.763	HG01398	3	PUR
181516830	187995408	4723889	6.478578	0.729	HG01398	3	PUR
65571173	78840121	9511644	13.268948	0.717	HG00734	4	PUR
179880039	185892056	4781091	6.012017	0.795	HG00742	4	PUR
162241962	167644771	4154185	5.402809	0.769	HG01183	4	PUR
14962496	18699578	2949213	3.737082	0.789	HG01198	4	PUR
115311202	117979262	2155194	2.66806	0.808	HG01286	4	PUR
99990395	102897899	2277183	2.907504	0.783	HG00734	5	PUR
41288078	43920198	1902414	2.63212	0.723	HG01080	5	PUR
129217813	132116819	2085378	2.899006	0.719	HG01085	5	PUR
129528241	131724407	1532751	2.196166	0.698	HG01177	5	PUR
137988944	141153632	2203665	3.164688	0.696	HG01177	5	PUR
861118	5202753	3431038	4.341635	0.79	HG01183	5	PUR
103093030	105737105	2152022	2.644075	0.814	HG01326	5	PUR
20249725	23593218	2572870	3.343493	0.77	HG01107	6	PUR
4326001	10221650	4590987	5.895649	0.779	HG01177	6	PUR
25416376	27994914	1699121	2.578538	0.659	HG01177	6	PUR
26367218	29348297	1874153	2.981079	0.629	HG01190	6	PUR
65536715	80409477	11289707	14.872762	0.759	HG01413	6	PUR
103362747	105627977	1643812	2.26523	0.726	HG01098	7	PUR
27520373	31722232	3348700	4.201859	0.797	HG01177	7	PUR
113349046	139146626	20023244	25.79758	0.776	HG01198	7	PUR
44084950	51819901	5897678	7.734951	0.762	HG01248	7	PUR
31113912	34726191	2663439	3.612279	0.737	HG01398	7	PUR
34753348	46296931	8537062	11.543583	0.74	HG01398	7	PUR
107654416	113347203	4481641	5.692787	0.787	HG01398	7	PUR
113349532	125819539	10149638	12.470007	0.814	HG01398	7	PUR
125819917	129926397	2870215	4.10648	0.699	HG01398	7	PUR
117604752	121547803	3129414	3.943051	0.794	HG01063	8	PUR
79024227	81963577	2277260	2.93935	0.775	HG01303	8	PUR
50055057	52273615	1754058	2.218558	0.791	HG01326	8	PUR
8105346	10405434	1749801	2.300088	0.761	HG01398	8	PUR
12569241	17345795	3841104	4.776554	0.804	HG01398	8	PUR
1111685	4327442	2614707	3.215757	0.813	HG01167	9	PUR
134224066	136558345	1646188	2.334279	0.705	HG01171	9	PUR
85877592	101253104	10690721	15.375512	0.695	HG01198	9	PUR
105758129	116126826	7839880	10.368697	0.756	HG01198	9	PUR
129608360	134112977	2755885	4.504617	0.612	HG01398	9	PUR
134113122	136415900	1619357	2.302778	0.703	HG01398	9	PUR
5367195	10295251	3831350	4.928056	0.777	HG01110	10	PUR
10347268	12589150	1666152	2.241882	0.743	HG01110	10	PUR
113775409	115784376	1662742	2.008967	0.828	HG01303	10	PUR
95039397	98140048	2184434	3.100651	0.705	HG01323	10	PUR
105228106	108765735	2884376	3.537629	0.815	HG01414	10	PUR
55429547	58444561	2159095	3.015014	0.716	HG00734	11	PUR
55470586	71324347	10276038	15.853761	0.648	HG01198	11	PUR
129503073	134597652	4169615	5.094579	0.818	HG01198	11	PUR
27102367	33979193	5417563	6.876826	0.788	HG01303	11	PUR
83365841	85935556	2035444	2.569715	0.792	HG01303	11	PUR
57254351	59670536	1609994	2.416185	0.666	HG01398	11	PUR
59305508	68662611	7078061	9.357103	0.756	HG01077	12	PUR
84368903	88709906	3460121	4.341003	0.797	HG01098	12	PUR
48223168	50840824	1693588	2.617656	0.647	HG01177	12	PUR
53509693	63058183	6776970	9.54849	0.71	HG01183	12	PUR
188197	11949537	7968881	11.76134	0.678	HG01198	12	PUR
128844391	133833687	3260683	4.989296	0.654	HG01198	12	PUR
63191927	98779585	27625666	35.587658	0.776	HG01398	12	PUR
55115286	57506001	1921764	2.390715	0.804	HG00734	13	PUR
95537924	98652834	2393037	3.11491	0.768	HG01198	13	PUR
98856846	108453313	7848672	9.596467	0.818	HG01198	13	PUR
26136679	31948119	4484711	5.81144	0.772	HG01107	14	PUR
22254984	25249822	2086940	2.994838	0.697	HG01190	14	PUR
96873486	99591320	2325586	2.717834	0.856	HG01248	14	PUR
50717068	52927376	1563912	2.210308	0.708	HG01171	15	PUR
33712398	38481894	3636431	4.769496	0.762	HG01190	15	PUR
85806939	89623405	2491778	3.816466	0.653	HG01082	16	PUR
63407961	65581870	1838644	2.173909	0.846	HG01183	16	PUR
43658516	59548761	10861774	15.890245	0.684	HG01308	17	PUR
73963667	77707018	2395512	3.743351	0.64	HG01398	17	PUR
68156732	70826609	2175844	2.669877	0.815	HG01110	18	PUR
36987737	39771485	2404513	2.783748	0.864	HG01183	18	PUR
53484855	58255397	3815444	4.770542	0.8	HG01198	20	PUR
58256422	62915231	3457369	4.658809	0.742	HG01198	20	PUR
32867984	34873508	1275242	2.005524	0.636	HG01414	20	PUR
17723187	20690145	2227122	2.966958	0.751	HG01183	21	PUR
32791054	41281464	6428885	8.49041	0.757	HG01303	21	PUR
43630917	46755382	2258408	3.124465	0.723	HG01082	22	PUR
46756315	51177420	3239646	4.421105	0.733	HG01082	22	PUR
194008848	196012082	1615252	2.003234	0.806	NA18504	1	YRI
40431601	43286206	2105888	2.854605	0.738	NA18870	1	YRI
190451086	192469219	1649107	2.018133	0.817	NA18870	1	YRI
129462891	143851506	10047088	14.388615	0.698	NA18501	2	YRI
148464369	151255119	2118127	2.79075	0.759	NA18508	2	YRI
197079620	199093604	1494024	2.013984	0.742	NA18858	2	YRI
47595879	50879127	2011428	3.283248	0.613	NA18502	3	YRI
128206349	131344361	2091981	3.138012	0.667	NA18502	3	YRI
134392150	137184067	2056099	2.791917	0.736	NA18516	3	YRI
80275609	82832990	2069632	2.557381	0.809	NA18870	3	YRI
58796874	60869796	1618203	2.072922	0.781	NA18865	5	YRI
62102585	65411958	2381011	3.309373	0.719	NA18489	6	YRI
140195894	142321127	1696395	2.125233	0.798	NA18516	6	YRI
86716078	88954690	1742469	2.238612	0.778	NA18867	7	YRI
32107747	35004235	2210293	2.896488	0.763	NA18874	8	YRI
85170310	87371334	1772772	2.201024	0.805	NA18511	12	YRI
47426392	49973366	1988872	2.546974	0.781	NA18523	14	YRI
31820395	34446376	1985790	2.625981	0.756	NA18508	17	YRI
31839706	35521384	2288168	3.681678	0.622	NA18867	20	YRI
30120121	32500768	1521940	2.380647	0.639	NA18505	22	YRI
